# Jeremy's default Stratovolcano model - P/S ratio of 1.73 used
LAYER   0.00  4.2669 0.00 2.4664 0.00 2.7 0.0
LAYER   1.54  4.6400 0.00 2.6821 0.00 2.7 0.0
LAYER   2.54  4.9574 0.00 2.8656 0.00 2.7 0.0
LAYER   3.54  5.2000 0.00 3.0059 0.00 2.7 0.0
LAYER   4.54  5.3846 0.00 3.1125 0.00 2.7 0.0
LAYER   5.54  5.5344 0.00 3.1991 0.00 2.7 0.0
LAYER   6.54  5.6382 0.00 3.2591 0.00 2.7 0.0
LAYER   7.54  5.7612 0.00 3.3302 0.00 2.7 0.0
LAYER   8.54  5.8638 0.00 3.3895 0.00 2.7 0.0
LAYER   9.54  5.9561 0.00 3.4429 0.00 2.7 0.0
LAYER  10.54  6.0681 0.00 3.5076 0.00 2.7 0.0
LAYER  11.54  6.1625 0.00 3.5621 0.00 2.7 0.0
LAYER  12.54  6.2579 0.00 3.6173 0.00 2.7 0.0
LAYER  13.54  6.3340 0.00 3.6613 0.00 2.7 0.0
LAYER  14.54  6.3930 0.00 3.6954 0.00 2.7 0.0
LAYER  15.54  6.5047 0.00 3.7600 0.00 2.7 0.0
LAYER  16.54  6.5277 0.00 3.7732 0.00 2.7 0.0
LAYER  17.54  6.5967 0.00 3.8131 0.00 2.7 0.0
LAYER  18.54  6.6520 0.00 3.8451 0.00 2.7 0.0
LAYER  19.54  6.7230 0.00 3.8861 0.00 2.7 0.0
LAYER  20.54  6.7715 0.00 3.9142 0.00 2.7 0.0
LAYER  21.54  6.8049 0.00 3.8861 0.00 2.7 0.0
LAYER  22.54  6.8533 0.00 3.9614 0.00 2.7 0.0
LAYER  23.54  6.8985 0.00 3.9876 0.00 2.7 0.0
LAYER  24.54  6.9619 0.00 4.0242 0.00 2.7 0.0
LAYER  25.54  6.9889 0.00 4.0398 0.00 2.7 0.0
LAYER  26.54  7.0233 0.00 4.0597 0.00 2.7 0.0
LAYER  27.54  7.0807 0.00 4.0929 0.00 2.7 0.0
LAYER  28.54  7.1085 0.00 4.1089 0.00 2.7 0.0

