lon,lat,depth,Time UTC,mag
115.3,-8.78,16,2017-03-14T01:51:17,3.1
115.2,-8.74,122,2017-03-21T23:10:26,5.7
115.26,-8.59,122,2017-03-21T23:40:33,4.4
115.32,-8.31,66,2017-03-23T09:58:51,2.9
115.46,-8.39,101,2017-03-24T14:03:09,2.5
115.33,-8.71,70,2017-04-26T05:31:04,2.8
115.34,-8.09,10,2017-05-11T15:06:01,3
115.34,-8.12,10,2017-05-14T16:39:22,3.1
115.36,-8.11,10,2017-05-14T16:48:21,3.7
115.35,-8.13,10,2017-05-14T18:29:11,3.9
115.35,-8.11,10,2017-05-14T19:00:24,3.6
115.34,-8.11,10,2017-05-14T23:53:00,2.8
115.35,-8.13,10,2017-05-15T00:35:50,2.4
115.34,-8.11,10,2017-05-15T00:56:53,2.5
115.34,-8.12,11,2017-05-15T04:54:44,2.4
115.34,-8.1,10,2017-05-18T12:31:15,2.8
115.31,-8.1,10,2017-05-18T16:11:56,2.3
115.47,-8.32,12,2017-09-20T15:26:27,2.3
115.5,-8.3,12,2017-09-20T18:50:02,2.4
115.47,-8.31,10,2017-09-21T10:40:58,2.7
115.47,-8.33,10,2017-09-21T10:43:58,3.3
115.45,-8.31,10,2017-09-21T11:14:50,2.8
115.48,-8.29,11,2017-09-21T15:38:49,3
115.47,-8.37,10,2017-09-21T15:47:13,2.6
115.47,-8.33,10,2017-09-21T15:52:57,2.6
115.48,-8.3,10,2017-09-21T16:01:37,2.6
115.5,-8.39,10,2017-09-21T16:58:26,3.2
115.5,-8.35,10,2017-09-21T17:32:01,3.4
115.49,-8.37,10,2017-09-21T18:21:03,3.2
115.5,-8.32,10,2017-09-21T19:45:29,3.6
115.53,-8.28,10,2017-09-21T20:21:44,2.2
115.47,-8.31,10,2017-09-21T20:37:33,2.4
115.45,-8.27,16,2017-09-21T20:47:48,2.2
115.47,-8.29,12,2017-09-21T20:49:37,2.2
115.47,-8.35,10,2017-09-21T20:52:49,2.5
115.46,-8.28,15,2017-09-21T20:56:24,2.5
115.47,-8.29,13,2017-09-21T21:30:03,2.3
115.46,-8.29,13,2017-09-21T21:33:01,2.5
115.52,-8.3,10,2017-09-21T21:47:40,3.5
115.48,-8.29,10,2017-09-21T22:10:12,2.9
115.51,-8.26,15,2017-09-21T23:00:37,3
115.47,-8.32,10,2017-09-21T23:39:09,2.8
115.5,-8.31,10,2017-09-21T23:50:06,3.4
115.45,-8.27,10,2017-09-22T02:19:33,2.9
115.46,-8.33,10,2017-09-22T02:54:04,3.3
115.49,-8.32,10,2017-09-22T03:13:40,3.2
115.48,-8.32,10,2017-09-22T03:18:50,3.1
115.49,-8.3,10,2017-09-22T03:21:31,2.6
115.49,-8.3,10,2017-09-22T03:25:20,3
115.47,-8.32,11,2017-09-22T03:32:37,3.4
115.52,-8.31,10,2017-09-22T03:34:56,2.9
115.46,-8.28,13,2017-09-22T03:37:08,2.8
115.44,-8.28,16,2017-09-22T03:45:28,2.8
115.52,-8.33,10,2017-09-22T04:04:48,3.1
115.49,-8.33,10,2017-09-22T04:24:01,3.9
115.44,-8.3,18,2017-09-22T05:00:32,2.7
115.49,-8.32,10,2017-09-22T05:05:57,2.8
115.51,-8.34,10,2017-09-22T05:22:09,2.6
115.45,-8.28,16,2017-09-22T05:27:30,2.5
115.49,-8.28,11,2017-09-22T05:37:28,2.6
115.5,-8.3,14,2017-09-22T06:12:08,2.6
115.5,-8.27,10,2017-09-22T06:18:35,2.6
115.47,-8.33,10,2017-09-22T06:21:01,2.8
115.48,-8.3,12,2017-09-22T06:23:05,3.1
115.47,-8.28,14,2017-09-22T07:20:09,2.8
115.46,-8.3,12,2017-09-22T07:25:32,2.7
115.47,-8.28,13,2017-09-22T07:36:56,2.6
115.48,-8.33,10,2017-09-22T07:49:28,2.5
115.44,-8.31,11,2017-09-22T08:20:52,2.6
115.46,-8.28,14,2017-09-22T08:30:51,2.7
115.44,-8.31,10,2017-09-22T08:36:53,2.9
115.49,-8.32,10,2017-09-22T09:05:20,2.9
115.47,-8.31,10,2017-09-22T09:19:58,3.5
115.46,-8.28,14,2017-09-22T09:41:17,2.4
115.47,-8.3,11,2017-09-22T09:46:32,2.5
115.5,-8.29,10,2017-09-22T09:50:38,2.9
115.48,-8.29,12,2017-09-22T11:30:41,2.8
115.5,-8.31,10,2017-09-22T12:20:43,2.7
115.42,-8.28,10,2017-09-22T13:39:20,2.5
115.47,-8.32,12,2017-09-22T13:52:40,2.5
115.47,-8.34,10,2017-09-22T14:05:47,2.7
115.46,-8.34,10,2017-09-22T14:40:39,2.7
115.5,-8.32,10,2017-09-22T16:15:18,3.4
115.44,-8.27,13,2017-09-22T17:22:19,2.8
115.5,-8.33,10,2017-09-22T17:47:28,3.1
115.45,-8.35,10,2017-09-22T18:14:55,2.2
115.47,-8.33,10,2017-09-22T18:40:28,2.7
115.48,-8.29,10,2017-09-22T18:58:14,2.6
115.46,-8.3,14,2017-09-22T19:07:01,2.5
115.45,-8.33,11,2017-09-22T20:31:00,2.4
115.45,-8.29,14,2017-09-22T20:37:28,2.6
115.52,-8.33,10,2017-09-22T21:19:37,3.9
115.46,-8.31,10,2017-09-22T22:26:05,2.9
115.46,-8.35,10,2017-09-23T00:16:34,2.5
115.5,-8.32,10,2017-09-23T01:18:57,3.6
115.42,-8.28,18,2017-09-23T02:22:14,2.5
115.44,-8.29,10,2017-09-23T03:00:02,2.7
115.5,-8.31,10,2017-09-23T03:12:54,4
115.46,-8.28,10,2017-09-23T03:59:25,2.6
115.43,-8.29,13,2017-09-23T04:13:50,2.5
115.42,-8.29,13,2017-09-23T06:08:39,2.8
115.46,-8.28,12,2017-09-23T06:14:35,2.7
115.47,-8.3,10,2017-09-23T06:25:29,2.9
115.45,-8.29,12,2017-09-23T06:31:00,3
115.47,-8.29,11,2017-09-23T06:35:01,2.8
115.47,-8.3,10,2017-09-23T07:05:08,2.7
115.47,-8.29,10,2017-09-23T07:07:32,2.8
115.43,-8.29,15,2017-09-23T07:10:57,2.7
115.44,-8.27,15,2017-09-23T07:15:51,2.7
115.45,-8.28,10,2017-09-23T07:24:22,3
115.48,-8.32,10,2017-09-23T08:02:25,3
115.48,-8.29,10,2017-09-23T08:15:00,3
115.48,-8.31,10,2017-09-23T08:31:14,3.3
115.47,-8.3,10,2017-09-23T08:46:40,2.8
115.45,-8.32,10,2017-09-23T08:47:55,2.6
115.47,-8.3,10,2017-09-23T09:09:12,2.7
115.46,-8.29,13,2017-09-23T09:11:16,2.6
115.49,-8.3,10,2017-09-23T09:13:19,2.9
115.51,-8.3,10,2017-09-23T09:21:32,3.1
115.44,-8.3,10,2017-09-23T09:31:12,2.4
115.48,-8.26,10,2017-09-23T09:36:47,2.4
115.44,-8.26,12,2017-09-23T09:38:41,2.5
115.46,-8.27,11,2017-09-23T09:49:27,2.5
115.44,-8.28,10,2017-09-23T09:52:01,2.4
115.45,-8.3,11,2017-09-23T09:59:53,2.5
115.46,-8.27,10,2017-09-23T10:07:35,2.5
115.47,-8.31,10,2017-09-23T10:13:26,2.4
115.48,-8.31,10,2017-09-23T10:36:20,2.7
115.46,-8.28,14,2017-09-23T10:43:05,2.7
115.44,-8.27,13,2017-09-23T10:47:56,2.5
115.45,-8.27,15,2017-09-23T10:51:48,2.5
115.46,-8.27,15,2017-09-23T11:23:45,2.9
115.44,-8.27,14,2017-09-23T11:28:54,2.9
115.51,-8.32,10,2017-09-23T12:09:47,3.1
115.47,-8.31,10,2017-09-23T13:45:04,3.3
115.46,-8.32,10,2017-09-23T14:07:20,2.6
115.46,-8.29,11,2017-09-23T14:09:42,2.6
115.48,-8.3,13,2017-09-23T14:17:47,2.6
115.46,-8.31,10,2017-09-23T14:28:09,2.5
115.44,-8.35,10,2017-09-23T14:30:48,2.5
115.48,-8.28,10,2017-09-23T14:34:59,2.6
115.44,-8.31,10,2017-09-23T14:39:45,2.5
115.46,-8.3,13,2017-09-23T14:41:14,2.4
115.45,-8.3,10,2017-09-23T14:48:42,2.6
115.44,-8.3,12,2017-09-23T14:51:10,2.4
115.43,-8.32,10,2017-09-23T14:52:42,2.4
115.45,-8.3,11,2017-09-23T14:54:01,2.4
115.46,-8.31,10,2017-09-23T14:57:42,2.3
115.47,-8.3,10,2017-09-23T15:07:32,2.9
115.46,-8.32,10,2017-09-23T15:10:09,2.6
115.44,-8.3,10,2017-09-23T15:13:53,2.5
115.45,-8.29,12,2017-09-23T15:15:43,2.5
115.5,-8.28,14,2017-09-23T15:19:13,2.6
115.46,-8.31,10,2017-09-23T15:32:33,2.5
115.46,-8.29,10,2017-09-23T15:33:45,2.5
115.52,-8.35,10,2017-09-23T15:39:24,2.4
115.49,-8.3,10,2017-09-23T15:44:41,2.5
115.47,-8.32,10,2017-09-23T15:47:01,2.5
115.47,-8.31,10,2017-09-23T15:59:10,2.8
115.45,-8.28,13,2017-09-23T16:11:17,2.4
115.45,-8.29,11,2017-09-23T16:18:30,2.4
115.48,-8.28,10,2017-09-23T16:45:23,2.9
115.46,-8.3,10,2017-09-23T17:08:50,2.5
115.47,-8.31,10,2017-09-23T17:41:28,2.6
115.46,-8.29,10,2017-09-23T17:50:33,2.8
115.49,-8.32,10,2017-09-23T17:59:36,3.2
115.49,-8.34,10,2017-09-23T18:45:13,3.8
115.48,-8.31,10,2017-09-23T18:48:48,2.9
115.45,-8.33,10,2017-09-23T19:16:31,2.6
115.45,-8.28,12,2017-09-23T19:24:11,2.4
115.51,-8.31,10,2017-09-23T19:25:38,2.7
115.47,-8.29,10,2017-09-23T19:28:11,2.6
115.46,-8.32,10,2017-09-23T22:56:14,2.7
115.47,-8.33,10,2017-09-23T23:03:46,2.4
115.47,-8.28,11,2017-09-23T23:19:12,3.1
115.47,-8.29,10,2017-09-23T23:30:04,2.7
115.45,-8.29,11,2017-09-23T23:40:08,2.6
115.48,-8.32,10,2017-09-24T00:44:23,2.7
115.44,-8.33,10,2017-09-24T01:20:00,2.6
115.47,-8.33,10,2017-09-24T01:22:10,2.8
115.51,-8.29,12,2017-09-24T01:23:45,2.8
115.46,-8.29,10,2017-09-24T01:36:41,2.7
115.46,-8.3,12,2017-09-24T01:45:08,3
115.47,-8.3,11,2017-09-24T01:47:34,3
115.47,-8.3,10,2017-09-24T01:58:06,2.7
115.48,-8.31,10,2017-09-24T02:14:08,3.5
115.48,-8.28,11,2017-09-24T02:40:20,2.7
115.45,-8.29,11,2017-09-24T02:49:27,2.5
115.49,-8.3,10,2017-09-24T03:16:04,3.1
115.47,-8.29,10,2017-09-24T03:22:59,2.7
115.46,-8.28,10,2017-09-24T03:24:51,2.3
115.45,-8.29,11,2017-09-24T03:28:03,2.5
115.47,-8.27,10,2017-09-24T03:29:08,2.4
115.46,-8.3,10,2017-09-24T03:36:04,3
115.43,-8.32,10,2017-09-24T03:41:20,2.5
115.45,-8.28,12,2017-09-24T03:56:30,2.7
115.46,-8.29,12,2017-09-24T04:06:51,2.7
115.47,-8.29,11,2017-09-24T04:09:08,2.7
115.46,-8.3,12,2017-09-24T04:28:47,2.5
115.45,-8.29,13,2017-09-24T04:30:39,2.5
115.46,-8.29,10,2017-09-24T04:37:16,2.6
115.46,-8.29,11,2017-09-24T04:40:29,2.9
115.49,-8.32,10,2017-09-24T05:04:16,3.7
115.43,-8.33,15,2017-09-24T05:45:34,2.7
115.46,-8.29,10,2017-09-24T05:47:13,2.7
115.46,-8.32,10,2017-09-24T05:55:36,2.8
115.46,-8.3,10,2017-09-24T06:27:53,2.8
115.46,-8.31,10,2017-09-24T06:54:36,3.4
115.47,-8.29,10,2017-09-24T06:56:19,2.8
115.48,-8.3,10,2017-09-24T07:00:16,2.6
115.46,-8.3,10,2017-09-24T09:07:20,2.8
115.61,-8.14,10,2017-09-24T09:57:22,3.7
115.43,-8.29,15,2017-09-24T10:10:13,2.7
115.46,-8.29,13,2017-09-24T11:29:45,2.7
115.44,-8.32,10,2017-09-24T11:36:21,2.5
115.45,-8.26,13,2017-09-24T11:38:20,2.7
115.45,-8.32,11,2017-09-24T11:42:34,2.6
115.45,-8.33,10,2017-09-24T11:52:19,2.7
115.6,-8.11,13,2017-09-24T12:20:43,2.7
115.49,-8.33,10,2017-09-24T13:15:35,3
115.45,-8.34,10,2017-09-24T15:04:50,3.5
115.47,-8.31,10,2017-09-24T16:36:23,3
115.46,-8.29,10,2017-09-24T17:34:16,2.7
115.52,-8.31,10,2017-09-24T17:59:49,2.9
115.47,-8.31,11,2017-09-24T18:26:54,2.6
115.47,-8.32,10,2017-09-24T21:08:23,2.7
115.47,-8.3,11,2017-09-24T21:31:55,2.7
115.48,-8.29,10,2017-09-24T23:12:58,3.1
115.47,-8.33,10,2017-09-25T00:20:07,2.7
115.49,-8.3,10,2017-09-25T00:25:53,3
115.47,-8.31,10,2017-09-25T00:35:06,2.7
115.48,-8.33,10,2017-09-25T01:19:57,3
115.47,-8.32,10,2017-09-25T01:36:28,2.9
115.5,-8.31,11,2017-09-25T01:54:46,3.1
115.49,-8.3,10,2017-09-25T02:20:09,3
115.47,-8.34,10,2017-09-25T03:10:09,3.3
115.49,-8.31,10,2017-09-25T03:32:03,3.6
115.47,-8.32,10,2017-09-25T03:55:12,2.9
115.46,-8.35,10,2017-09-25T04:06:55,2.8
115.49,-8.32,10,2017-09-25T04:09:42,2.9
115.48,-8.65,114,2017-09-25T04:14:27,3.2
115.47,-8.34,10,2017-09-25T04:22:14,3.1
115.46,-8.34,10,2017-09-25T04:34:35,2.8
115.51,-8.33,10,2017-09-25T04:40:08,3
115.48,-8.33,10,2017-09-25T04:46:37,2.9
115.46,-8.32,10,2017-09-25T04:52:18,3
115.48,-8.31,10,2017-09-25T04:55:22,2.9
115.49,-8.31,10,2017-09-25T05:10:22,3.8
115.49,-8.3,11,2017-09-25T05:19:35,3
115.46,-8.32,10,2017-09-25T05:40:56,3
115.48,-8.33,10,2017-09-25T05:51:06,2.7
115.45,-8.32,10,2017-09-25T05:52:56,2.6
115.47,-8.31,10,2017-09-25T06:08:01,2.8
115.44,-8.33,10,2017-09-25T06:10:15,2.5
115.45,-8.29,13,2017-09-25T06:12:40,2.7
115.45,-8.3,11,2017-09-25T06:17:33,2.6
115.46,-8.3,13,2017-09-25T06:19:24,2.8
115.46,-8.34,10,2017-09-25T07:50:47,2.8
115.49,-8.3,10,2017-09-25T08:29:36,2.6
115.47,-8.34,10,2017-09-25T08:37:55,2.7
115.47,-8.32,10,2017-09-25T09:18:52,2.8
115.53,-8.34,10,2017-09-25T09:34:11,2.7
115.46,-8.31,10,2017-09-25T11:01:21,2.8
115.48,-8.3,10,2017-09-25T11:39:13,3.3
115.5,-8.31,11,2017-09-25T11:43:00,2.7
115.5,-8.32,10,2017-09-25T12:06:56,3
115.48,-8.33,10,2017-09-25T12:09:04,2.7
115.47,-8.29,12,2017-09-25T12:26:51,2.7
115.43,-8.31,10,2017-09-25T12:36:48,2.5
115.43,-8.28,10,2017-09-25T12:39:55,2.8
115.46,-8.29,10,2017-09-25T13:02:47,2.7
115.46,-8.32,10,2017-09-25T13:26:30,2.5
115.47,-8.29,10,2017-09-25T13:44:52,2.7
115.46,-8.28,11,2017-09-25T16:10:54,2.8
115.46,-8.28,10,2017-09-25T16:19:36,2.6
115.45,-8.31,11,2017-09-25T16:25:13,2.5
115.47,-8.31,10,2017-09-25T19:37:22,3.4
115.48,-8.31,10,2017-09-25T20:02:27,3.2
115.43,-8.31,13,2017-09-26T00:40:17,2.2
115.44,-8.31,14,2017-09-26T01:43:52,3.1
115.42,-8.27,13,2017-09-26T01:47:42,2.6
115.44,-8.28,16,2017-09-26T04:02:06,2.8
115.5,-8.32,10,2017-09-26T08:27:09,4.2
115.48,-8.24,11,2017-09-26T08:52:36,2.7
115.44,-8.31,10,2017-09-26T10:06:13,2.9
115.43,-8.3,10,2017-09-26T10:43:46,2.8
115.46,-8.32,10,2017-09-26T13:36:26,3
115.44,-8.31,10,2017-09-26T13:44:48,2.8
115.45,-8.34,10,2017-09-26T13:54:58,3
115.48,-8.3,10,2017-09-26T14:34:50,2.8
115.46,-8.27,10,2017-09-26T14:47:10,3
115.43,-8.33,10,2017-09-26T14:54:00,2.7
115.42,-8.29,16,2017-09-26T14:57:43,2.7
115.45,-8.3,10,2017-09-26T15:04:19,2.7
115.46,-8.29,11,2017-09-26T15:15:12,2.4
115.46,-8.31,10,2017-09-26T15:21:55,2.9
115.48,-8.29,10,2017-09-26T15:27:47,3.3
115.37,-8.3,18,2017-09-26T17:35:52,3.1
115.47,-8.29,10,2017-09-26T17:35:52,3.1
115.47,-8.29,10,2017-09-26T17:59:28,2.9
115.46,-8.28,12,2017-09-26T18:07:29,2.8
115.47,-8.29,11,2017-09-26T18:28:01,2.8
115.46,-8.28,12,2017-09-26T18:55:09,3
115.44,-8.31,10,2017-09-26T19:40:41,2.6
115.49,-8.28,15,2017-09-26T22:29:52,3
115.45,-8.26,11,2017-09-26T23:25:41,2.8
115.43,-8.32,10,2017-09-27T01:10:23,2.7
115.48,-8.29,10,2017-09-27T03:59:32,3.2
115.46,-8.28,12,2017-09-27T05:11:04,3.4
115.47,-8.34,10,2017-09-27T05:12:10,4.1
115.4,-8.29,10,2017-09-27T05:25:30,3
115.44,-8.29,10,2017-09-27T05:41:32,2.8
115.43,-8.28,10,2017-09-27T06:08:31,2.6
115.46,-8.31,10,2017-09-27T06:19:03,2.8
115.47,-8.32,10,2017-09-27T06:49:49,3.1
115.43,-8.28,10,2017-09-27T07:10:11,2.8
115.51,-8.25,14,2017-09-27T07:16:10,2.7
115.43,-8.36,10,2017-09-27T07:23:16,2.9
115.42,-8.37,10,2017-09-27T08:17:43,3.3
115.49,-8.28,10,2017-09-27T09:46:46,3
115.46,-8.31,10,2017-09-27T12:46:18,3.6
115.49,-8.35,10,2017-09-27T15:16:55,2.7
115.48,-8.28,10,2017-09-27T15:22:02,3.3
115.45,-8.26,13,2017-09-27T16:00:53,2.7
115.48,-8.28,10,2017-09-27T17:55:32,3.4
115.43,-8.32,10,2017-09-27T20:40:02,2.4
115.45,-8.3,10,2017-09-27T22:41:33,3.2
115.45,-8.29,10,2017-09-28T02:25:03,3
115.49,-8.28,10,2017-09-28T02:45:01,3.7
115.47,-8.31,10,2017-09-28T05:20:06,3.3
115.44,-8.28,12,2017-09-28T08:31:19,3
115.45,-8.29,11,2017-09-28T10:21:56,3.4
115.44,-8.27,13,2017-09-28T12:10:33,2.7
115.46,-8.29,10,2017-09-28T12:31:44,3.5
115.49,-8.38,10,2017-09-28T15:13:02,3.8
115.45,-8.29,10,2017-09-28T16:22:32,2.9
115.45,-8.3,10,2017-09-28T17:19:20,2.8
115.45,-8.3,10,2017-09-28T18:44:37,2.8
115.43,-8.3,13,2017-09-28T22:19:42,2.9
115.41,-8.29,10,2017-09-28T23:01:07,2.7
115.46,-8.31,10,2017-09-29T03:35:36,3.6
115.43,-8.3,14,2017-09-29T10:03:30,2.7
115.44,-8.3,11,2017-09-29T10:41:06,2.9
115.47,-8.31,10,2017-09-30T05:28:06,2.8
115.47,-8.3,10,2017-09-30T07:41:04,2.9
115.45,-8.32,10,2017-09-30T10:55:28,2.8
115.48,-8.31,10,2017-09-30T11:40:25,2.6
115.45,-8.31,10,2017-09-30T14:13:02,2.8
115.45,-8.3,10,2017-10-01T00:45:59,2.6
115.48,-8.27,11,2017-10-01T04:36:36,2.8
115.48,-8.29,10,2017-10-01T13:27:10,2.6
115.45,-8.31,10,2017-10-02T09:58:01,2.6
115.45,-8.31,10,2017-10-02T22:38:01,2.8
115.41,-8.32,12,2017-10-03T11:28:41,2.5
115.45,-8.29,14,2017-10-03T14:41:47,2.9
115.46,-8.3,12,2017-10-03T17:27:51,2.7
115.47,-8.27,10,2017-10-03T18:09:07,2.9
115.4,-8.3,10,2017-10-04T06:18:36,2.7
115.45,-8.3,11,2017-10-04T06:28:20,2.7
115.42,-8.29,10,2017-10-04T13:15:29,2.6
115.46,-8.31,10,2017-10-04T16:17:05,2.5
115.41,-8.32,10,2017-10-04T18:41:35,2.5
115.47,-8.3,10,2017-10-05T06:29:55,2.5
115.42,-8.28,14,2017-10-05T07:57:49,2.8
115.5,-8.29,12,2017-10-05T08:01:44,2.7
115.48,-8.3,10,2017-10-05T15:35:37,2.7
115.47,-8.29,10,2017-10-05T23:44:07,2.9
115.49,-8.33,10,2017-10-06T08:29:30,3
115.47,-8.33,10,2017-10-06T09:06:22,3.1
115.45,-8.33,10,2017-10-06T10:30:17,2.9
115.44,-8.32,5,2017-10-06T16:13:01,2.8
115.51,-8.28,7,2017-10-06T16:13:59,3.2
115.42,-8.32,10,2017-10-06T16:52:55,2.5
115.44,-8.32,10,2017-10-06T17:05:33,2.5
115.43,-8.32,5,2017-10-06T17:51:42,2.5
115.42,-8.31,12,2017-10-06T18:42:21,2.5
115.45,-8.27,5,2017-10-06T18:47:12,2.6
115.47,-8.3,10,2017-10-06T18:57:06,2.8
115.44,-8.32,10,2017-10-06T19:05:12,2.7
115.46,-8.3,5,2017-10-06T19:16:34,2.6
115.43,-8.31,10,2017-10-07T06:32:27,2.9
115.56,-8.27,10,2017-10-08T05:43:15,2.7
115.45,-8.31,11,2017-10-08T06:36:36,2.3
115.42,-8.3,11,2017-10-08T06:57:29,2.6
115.45,-8.31,10,2017-10-09T17:42:50,2.8
115.43,-8.26,17,2017-10-10T14:39:44,2.9
115.43,-8.31,10,2017-10-11T00:06:46,2.7
115.4,-8.22,17,2017-10-11T01:43:08,2.7
115.45,-8.29,11,2017-10-11T11:18:09,3
115.43,-8.28,11,2017-10-11T21:15:08,2.5
115.43,-8.29,11,2017-10-12T04:35:21,3.1
115.44,-8.29,11,2017-10-12T06:24:20,3
115.48,-8.32,10,2017-10-13T16:28:22,3.6
115.51,-8.28,10,2017-10-13T23:31:35,3.6
115.44,-8.34,10,2017-10-14T15:15:15,2.3
115.49,-8.32,10,2017-10-14T21:47:41,2.6
115.37,-8.04,10,2017-10-15T03:28:27,2.8
115.53,-8.31,10,2017-10-15T03:45:50,2.8
115.46,-8.32,10,2017-10-15T08:29:11,2.8
115.45,-8.31,10,2017-10-15T17:42:47,2.7
115.37,-8.2,10,2017-10-15T22:20:05,3.2
115.48,-8.3,10,2017-10-17T10:56:38,2.8
115.46,-8.28,13,2017-10-17T13:20:15,2.5
115.47,-8.28,11,2017-10-17T17:11:13,2.9
115.46,-8.3,12,2017-10-17T22:47:34,2.9
115.44,-8.32,10,2017-10-18T06:47:44,3.1
115.45,-8.3,10,2017-10-18T08:17:18,2.6
115.49,-8.29,10,2017-10-18T10:21:17,3
115.41,-8.3,13,2017-10-18T14:26:16,2.7
115.41,-8.32,13,2017-10-19T03:51:42,2.6
115.45,-8.29,10,2017-10-22T01:27:06,2.7
115.44,-8.09,10,2017-10-29T00:18:22,3.1
115.47,-8.32,11,2017-10-29T01:49:13,3.1
115.54,-8.21,10,2017-11-04T14:42:44,2.8
115.56,-8.3,10,2017-11-08T21:54:18,4.9
115.53,-8.3,11,2017-11-08T22:00:12,3
115.54,-8.31,10,2017-11-08T22:23:46,2.5
115.57,-8.25,10,2017-11-08T23:02:53,3.9
115.54,-8.32,13,2017-11-09T01:26:46,3
115.53,-8.35,10,2017-11-09T05:32:34,2.8
115.54,-8.25,10,2017-11-10T23:01:39,3
115.25,-8.77,102,2017-11-16T17:58:26,4
115.4,-8.13,10,2017-11-19T14:42:08,3.2
115.44,-8.74,30,2017-11-27T13:38:36,2.4
115.64,-8.3,10,2017-11-29T12:17:25,3
115.61,-8.28,12,2017-12-01T13:54:46,3.7
115.55,-8.22,20,2017-12-01T15:50:59,2.6
115.65,-8.21,10,2017-12-02T19:16:35,2.9
115.6,-8.2,12,2017-12-02T19:26:19,2.7
115.61,-8.22,10,2017-12-02T19:37:04,2.9
115.48,-8.03,10,2017-12-06T03:58:28,3.7
115.51,-8.15,12,2017-12-08T15:21:00,2.7
115.34,-8.16,10,2017-12-12T22:32:34,3
115.61,-8.74,21,2017-12-30T04:35:30,2.7
115.5,-8.29,11,2018-01-02T15:33:09,2.4
115.46,-8.27,10,2018-01-17T02:34:17,2.5
115.53,-8.7,97,2018-02-23T09:32:13,3.7
115.47,-8.23,10,2018-02-28T22:22:29,2.4
115.53,-8.23,10,2018-02-28T22:44:17,2.6
115.51,-8.21,10,2018-03-01T00:59:58,2.9
